0.0939033031463623
0.13322019577026367
0.12371253967285156
0.09975957870483398
0.08688855171203613
0.08114027976989746
0.08117008209228516
0.08154726028442383
0.08025145530700684
0.08150243759155273
0.08225107192993164
0.08168649673461914
0.08145475387573242
0.07982230186462402
0.08223271369934082
0.08414149284362793
0.0829317569732666
0.08088850975036621
0.08006620407104492
0.08340787887573242
0.08129286766052246
0.08003878593444824
0.0808570384979248
0.08115458488464355
0.08006834983825684
0.0830228328704834
0.08189797401428223
0.0820310115814209
0.08078932762145996
0.08078670501708984
0.0816030502319336
0.07986044883728027
0.08113861083984375
0.08163571357727051
0.0800161361694336
0.08100485801696777
0.08380341529846191
0.08157157897949219
0.08051633834838867
0.0827798843383789
0.08322024345397949
0.0805501937866211
0.08194804191589355
0.08149361610412598
0.08156394958496094
0.08070063591003418
0.0830225944519043
0.0816812515258789
0.0820915699005127
0.08008050918579102
0.0822439193725586
0.08321285247802734
0.08184027671813965
0.08048772811889648
0.08182954788208008
0.08148503303527832
0.08022642135620117
0.0834803581237793
0.08251285552978516
0.08179712295532227
0.07996201515197754
0.08201265335083008
0.0813901424407959
0.07970285415649414
0.08191061019897461
0.08181428909301758
0.08284378051757812
0.0815432071685791
0.08214211463928223
0.08221888542175293
0.08162713050842285
0.08012819290161133
0.08221435546875
0.08309483528137207
0.08168792724609375
0.0819392204284668
0.08065176010131836
0.08092999458312988
0.08236885070800781
0.08217930793762207
0.0800623893737793
0.08012652397155762
0.08323836326599121
0.0816352367401123
0.08133172988891602
0.0802757740020752
0.08089900016784668
0.08189034461975098
0.08447885513305664
0.0813601016998291
0.08096981048583984
0.08137893676757812
0.08293271064758301
0.08175945281982422
0.08192563056945801
0.0802617073059082
0.07965898513793945
0.08164119720458984
0.08136177062988281
0.08289361000061035
