0.18364763259887695
0.17646503448486328
0.16421842575073242
0.12817168235778809
0.12598538398742676
0.12360811233520508
0.12374615669250488
0.12564754486083984
0.12588286399841309
0.1258535385131836
0.12866950035095215
0.12729096412658691
0.1194915771484375
0.126539945602417
0.12607717514038086
0.12702465057373047
0.12932705879211426
0.12501096725463867
0.12627720832824707
0.12377738952636719
0.1265861988067627
0.12485957145690918
0.12648344039916992
0.12424230575561523
0.12886428833007812
0.12659835815429688
0.12486147880554199
0.1243128776550293
0.12379980087280273
0.1255786418914795
0.12508773803710938
0.1284618377685547
0.12649321556091309
0.12678074836730957
0.1257801055908203
0.12446951866149902
0.13040900230407715
0.12967371940612793
0.12969326972961426
0.12421512603759766
0.12557768821716309
0.1257481575012207
0.12556886672973633
0.12625885009765625
0.12413477897644043
0.12598586082458496
0.12470102310180664
0.12626338005065918
0.12461566925048828
0.12708163261413574
0.12592363357543945
0.1285390853881836
0.1284198760986328
0.12449049949645996
0.12658309936523438
0.1271352767944336
0.12443685531616211
0.1289842128753662
0.1251225471496582
0.12900400161743164
0.12690949440002441
0.1275651454925537
0.12657451629638672
0.14941143989562988
0.12473344802856445
0.1270604133605957
0.1299893856048584
0.1264960765838623
0.12641167640686035
0.12511682510375977
0.1271684169769287
0.12672710418701172
0.12390685081481934
0.12851905822753906
0.12657785415649414
0.12457799911499023
0.12554669380187988
0.12652897834777832
0.12694406509399414
0.12488460540771484
0.12883257865905762
0.14411664009094238
0.12642455101013184
0.12508487701416016
0.12752676010131836
0.12589740753173828
0.12631988525390625
0.12681174278259277
0.1258845329284668
0.12733769416809082
0.12492132186889648
0.12549471855163574
0.12757611274719238
0.12484955787658691
0.1313023567199707
0.12121820449829102
0.12650036811828613
0.12580657005310059
0.12405967712402344
0.12789154052734375
